"e1" <- 0.36
"gout" <- 2.5
"gin" <- 0.05

