"obsy" <- c(8.66, 7.85, 7.68, 7.48, 7.29, 7.35, 7.28, 7.04, 7.07, 7.16, 7.02, 7.2, 6.81, 7.09, 7.13, 6.91, 7.18, 6.93, 7.22, 6.87, 7.24, 7.04, 7.33, 7.22, 7.33, 7.44, 7.29, 7.48, 7.4, 7.7, 7.63, 7.66, 7.7, 7.7, 7.77, 7.77, 7.88, 7.94, 8.12, 10.37, 9.36, 8.82, 9.12, 8.31, 7.88, 10.76, 10.31, 9.41, 7.19, 6.95, 6.87, 6.91, 6.75, 6.96, 6.92, 7.17, 7.01, 7.19, 7.17, 7.43, 7.39, 7.58, 7.63, 7.65, 9.7, 9, 8.09, 8.95, 9.82, 8.86, 8.01, 9.68, 8.87, 8.99, 8.93, 8.74, 8.31, 8.15, 8.1, 8.26, 8.03, 8.32, 7.9, 8.32, 7.7, 7.69, 7.9, 7.83, 7.31, 7.31, 7.43, 7.85, 7.51, 7.38, 7.65, 7.82, 7.36, 7.66, 7.6, 7.54, 7.47, 7.59, 7.32, 7.52, 7.24, 7.39, 7.35, 7.44, 7.38, 7.35, 7.41, 7.24, 7.21, 7.35, 7.58, 7.31, 7.31, 7.36, 7.23, 7.173, 14.182, 16.676, 18.58, 17.239, 17.646, 14.769, 13.223, 11.221, 10.157, 7.3423, 5.0221, 7.24, 7.67, 8.4, 7.96, 8.26, 8.6, 9.1, 9.9, 11.5, 13.1, 16, 17.2, 10.074, 12.08, 12.544, 12.375, 14.59, 15.314, 15.76, 15.987, 17.415, 18.116, 17.763, 17.728, 17.825, 17.502, 16.64, 15.987, 15.95, 14.505, 14.194, 14.231, 12.757, 10.505, 9.1881, 6.7735, 5.8631, 5.0714, 4.695, 4.411, 15.887, 16.762, 17.067, 17.36, 17.418, 17.395, 17.562, 17.379, 16.36, 16.635, 15.864, 15.084, 14.119, 13.3, 13.399, 12.181, 12.464, 11.52, 11.428, 10.474, 10.598, 9.645, 8.9647, 8.2734, 7.6396, 7.1339, 6.5708, 6.3086, 14.635, 16.944, 16.635, 17.016, 17.019, 15.786, 14.903, 14.747, 13.266, 12.676, 10.686, 10.173, 8.0123, 6.3943, 5.3507)
"obsy2" <- c(8.66, 7.85, 7.68, 7.48, 7.29, 7.35, 7.28, 7.04, 7.07, 7.16, 7.02, 7.2, 6.81, 7.09, 7.13, 6.91, 7.18, 6.93, 7.22, 6.87, 7.24, 7.04, 7.33, 7.22, 7.33, 7.44, 7.29, 7.48, 7.4, 7.7, 7.63, 7.66, 7.7, 7.7, 7.77, 7.77, 7.88, 7.94, 8.12, 10.37, 9.36, 8.82, 9.12, 8.31, 7.88, 10.76, 10.31, 9.41, 7.19, 6.95, 6.87, 6.91, 6.75, 6.96, 6.92, 7.17, 7.01, 7.19, 7.17, 7.43, 7.39, 7.58, 7.63, 7.65, 9.7, 9, 8.09, 8.95, 9.82, 8.86, 8.01, 9.68, 8.87, 8.99, 8.93, 8.74, 8.31, 8.15, 8.1, 8.26, 8.03, 8.32, 7.9, 8.32, 7.7, 7.69, 7.9, 7.83, 7.31, 7.31, 7.43, 7.85, 7.51, 7.38, 7.65, 7.82, 7.36, 7.66, 7.6, 7.54, 7.47, 7.59, 7.32, 7.52, 7.24, 7.39, 7.35, 7.44, 7.38, 7.35, 7.41, 7.24, 7.21, 7.35, 7.58, 7.31, 7.31, 7.36, 7.23, 7.173, 14.182, 16.676, 18.58, 17.239, 17.646, 14.769, 13.223, 11.221, 10.157, 7.3423, 5.0221, 7.24, 7.67, 8.4, 7.96, 8.26, 8.6, 9.1, 9.9, 11.5, 13.1, 16, 17.2, 10.074, 12.08, 12.544, 12.375, 14.59, 15.314, 15.76, 15.987, 17.415, 18.116, 17.763, 17.728, 17.825, 17.502, 16.64, 15.987, 15.95, 14.505, 14.194, 14.231, 12.757, 10.505, 9.1881, 6.7735, 5.8631, 5.0714, 4.695, 4.411, 15.887, 16.762, 17.067, 17.36, 17.418, 17.395, 17.562, 17.379, 16.36, 16.635, 15.864, 15.084, 14.119, 13.3, 13.399, 12.181, 12.464, 11.52, 11.428, 10.474, 10.598, 9.645, 8.9647, 8.2734, 7.6396, 7.1339, 6.5708, 6.3086, 14.635, 16.944, 16.635, 17.016, 17.019, 15.786, 14.903, 14.747, 13.266, 12.676, 10.686, 10.173, 8.0123, 6.3943, 5.3507)
"obsx" <- c(0.0078, 0.00896, 0.00966, 0.01072, 0.01144, 0.01199, 0.01318, 0.01439, 0.01499, 0.01675, 0.01799, 0.01914, 0.02094, 0.02155, 0.02271, 0.02393, 0.02508, 0.02662, 0.02873, 0.02991, 0.0311, 0.03289, 0.03349, 0.03586, 0.03858, 0.04067, 0.04187, 0.04306, 0.04485, 0.04544, 0.04786, 0.05021, 0.05083, 0.05265, 0.05382, 0.05504, 0.05681, 0.05741, 0.0598, 0.00602, 0.00645, 0.0069, 0.00751, 0.00818, 0.00902, 0.00501, 0.0055, 0.00601, 0.01195, 0.01395, 0.01595, 0.01794, 0.01993, 0.02192, 0.02392, 0.02592, 0.02788, 0.02988, 0.0319, 0.03389, 0.03589, 0.03589, 0.03788, 0.03987, 0.00422, 0.00459, 0.00471, 0.005, 0.00509, 0.00537, 0.00544, 0.00551, 0.00554, 0.00577, 0.00583, 0.0059, 0.00593, 0.00623, 0.00631, 0.00652, 0.00657, 0.00672, 0.007, 0.00707, 0.00734, 0.0074, 0.00746, 0.00752, 0.00812, 0.00819, 0.00822, 0.00829, 0.00834, 0.00851, 0.0086, 0.00871, 0.00898, 0.00908, 0.00914, 0.00929, 0.00938, 0.00948, 0.00978, 0.00987, 0.00991, 0.01007, 0.01018, 0.01029, 0.01087, 0.01096, 0.01105, 0.01165, 0.01178, 0.01185, 0.01241, 0.01255, 0.01265, 0.01307, 0.01383, 0.0856, 0.146, 0.1736, 0.2056, 0.2196, 0.2336, 0.2668, 0.2964, 0.3088, 0.328, 0.3856, 0.446, 0.0497, 0.05369, 0.059, 0.05952, 0.05966, 0.0653, 0.083, 0.1007, 0.1184, 0.136, 0.1537, 0.1713, 0.1344, 0.1422, 0.1506, 0.165, 0.1677, 0.1692, 0.1746, 0.18, 0.1854, 0.1914, 0.1974, 0.204, 0.21, 0.2247, 0.24, 0.252, 0.2559, 0.2676, 0.2736, 0.2748, 0.2949, 0.3186, 0.3468, 0.3822, 0.411, 0.4314, 0.45, 0.471, 0.1527, 0.16446, 0.17622, 0.18804, 0.1899, 0.19986, 0.20166, 0.21174, 0.22356, 0.22548, 0.23736, 0.2493, 0.26124, 0.27318, 0.27462, 0.28512, 0.28656, 0.29706, 0.2985, 0.30894, 0.3105, 0.32244, 0.33438, 0.34632, 0.35826, 0.3702, 0.38214, 0.38802, 0.14682, 0.17016, 0.17796, 0.20916, 0.21696, 0.24042, 0.25218, 0.25422, 0.27174, 0.28554, 0.30294, 0.31686, 0.34818, 0.37956, 0.41082)
"erry" <- c(0.28, 0.26, 0.22, 0.2, 0.2, 0.2, 0.2, 0.2, 0.2, 0.2, 0.2, 0.2, 0.18, 0.2, 0.2, 0.18, 0.2, 0.18, 0.2, 0.18, 0.2, 0.2, 0.2, 0.18, 0.18, 0.22, 0.2, 0.22, 0.2, 0.22, 0.2, 0.22, 0.2, 0.22, 0.22, 0.22, 0.2, 0.22, 0.22, 0.35, 0.35, 0.31, 0.29, 0.24, 0.22, 1.47, 0.81, 0.48, 0.35, 0.23, 0.18, 0.19, 0.18, 0.19, 0.19, 0.19, 0.19, 0.19, 0.19, 0.2, 0.19, 0.2, 0.2, 0.2, 1.65, 0.67, 0.62, 0.7, 1.01, 0.48, 0.39, 0.7, 0.55, 0.31, 0.36, 0.25, 0.55, 0.29, 0.23, 0.48, 0.26, 0.16, 0.27, 0.28, 0.16, 0.15, 0.18, 0.26, 0.11, 0.25, 0.24, 0.24, 0.22, 0.22, 0.23, 0.28, 0.19, 0.17, 0.24, 0.23, 0.14, 0.13, 0.22, 0.19, 0.18, 0.19, 0.14, 0.17, 0.16, 0.13, 0.17, 0.14, 0.12, 0.11, 0.14, 0.13, 0.14, 0.13, 0.13, 0.50211, 0.42545, 0.50027, 0.55739, 0.51717, 0.52937, 0.44306, 0.3967, 0.33662, 0.30472, 0.22027, 0.15066, 0.072, 0.077, 0.4, 0.08, 0.083, 0.5, 0.4, 0.5, 0.6, 0.6, 0.8, 0.9, 0.060443, 0.072483, 0.075261, 0.074252, 0.08754, 0.091881, 0.09456, 0.095924, 0.10449, 0.1087, 0.10658, 0.10637, 0.10695, 0.10501, 0.099841, 0.095923, 0.095702, 0.08703, 0.085162, 0.085388, 0.076542, 0.063032, 0.055129, 0.040641, 0.035178, 0.030429, 0.02817, 0.026466, 0.11559, 0.20681, 0.13776, 0.20387, 0.066959, 0.15533, 0.094571, 0.23166, 0.20661, 0.07031, 0.12357, 0.11842, 0.10117, 0.045523, 0.05223, 0.076976, 0.083235, 0.078651, 0.063897, 0.089604, 0.055349, 0.053435, 0.033043, 0.045994, 0.04065, 0.044876, 0.037349, 0.035649, 0.22239, 0.22923, 0.23348, 0.2226, 0.22109, 0.20954, 0.08126, 0.059155, 0.11105, 0.11537, 0.14289, 0.10692, 0.082994, 0.073778, 0.060356)
"N" <- 214
"syst" <- c(0.03, 0.03, 0.055, 0.039, 0.078, 0.034, 0.043)
"Nre" <- 7
"re" <- c(1, 1, 1, 1, 1, 1, 1, 1, 1, 1, 1, 1, 1, 1, 1, 1, 1, 1, 1, 1, 1, 1, 1, 1, 1, 1, 1, 1, 1, 1, 1, 1, 1, 1, 1, 1, 1, 1, 1, 1, 1, 1, 1, 1, 1, 1, 1, 1, 2, 2, 2, 2, 2, 2, 2, 2, 2, 2, 2, 2, 2, 2, 2, 2, 3, 3, 3, 3, 3, 3, 3, 3, 3, 3, 3, 3, 3, 3, 3, 3, 3, 3, 3, 3, 3, 3, 3, 3, 3, 3, 3, 3, 3, 3, 3, 3, 3, 3, 3, 3, 3, 3, 3, 3, 3, 3, 3, 3, 3, 3, 3, 3, 3, 3, 3, 3, 3, 3, 3, 6, 6, 6, 6, 6, 6, 6, 6, 6, 6, 6, 6, 5, 5, 5, 5, 5, 5, 5, 5, 5, 5, 5, 5, 7, 7, 7, 7, 7, 7, 7, 7, 7, 7, 7, 7, 7, 7, 7, 7, 7, 7, 7, 7, 7, 7, 7, 7, 7, 7, 7, 7, 4, 4, 4, 4, 4, 4, 4, 4, 4, 4, 4, 4, 4, 4, 4, 4, 4, 4, 4, 4, 4, 4, 4, 4, 4, 4, 4, 4, 4, 4, 4, 4, 4, 4, 4, 4, 4, 4, 4, 4, 4, 4, 4)
"Nik" <- 2
"ik" <- c(1, 1, 1, 1, 1, 1, 1, 1, 1, 1, 1, 1, 1, 1, 1, 1, 1, 1, 1, 1, 1, 1, 1, 1, 1, 1, 1, 1, 1, 1, 1, 1, 1, 1, 1, 1, 1, 1, 1, 1, 1, 1, 1, 1, 1, 1, 1, 1, 2, 2, 2, 2, 2, 2, 2, 2, 2, 2, 2, 2, 2, 2, 2, 2, 2, 2, 2, 2, 2, 2, 2, 2, 2, 2, 2, 2, 2, 2, 2, 2, 2, 2, 2, 2, 2, 2, 2, 2, 2, 2, 2, 2, 2, 2, 2, 2, 2, 2, 2, 2, 2, 2, 2, 2, 2, 2, 2, 2, 2, 2, 2, 2, 2, 2, 2, 2, 2, 2, 2, 1, 1, 1, 1, 1, 1, 1, 1, 1, 1, 1, 1, 1, 1, 1, 1, 1, 1, 1, 1, 1, 1, 1, 1, 1, 1, 1, 1, 1, 1, 1, 1, 1, 1, 1, 1, 1, 1, 1, 1, 1, 1, 1, 1, 1, 1, 1, 1, 1, 1, 1, 1, 1, 1, 1, 1, 1, 1, 1, 1, 1, 1, 1, 1, 1, 1, 1, 1, 1, 1, 1, 1, 1, 1, 1, 1, 1, 1, 1, 1, 1, 1, 1, 1, 1, 1, 1, 1, 1, 1, 1, 1, 1, 1, 1)
"M" <- 500
