"e1" <- 1.98111593916547
"gout" <- 0.947201550232712
"gin" <- 0.870969011448324

