"e1" <- 1.17416003339458
"gout" <- 0.396301432433538
"gin" <- 4.57582158909645

