"e1" <- 1.25256566861644
"gout" <- 0.904991073424462
"gin" <- 1.12419575476088

